PATTERN /W ARC

1: next step (pattern)
2-3: do not patch


#1
TR.P 0
EVERY X: $ 2

#2
TR.P 1
P.N 1
X P.NEXT
$ 3

#3
L 0 1: PN.END I ARC.VAL 1
L 0 1: PN.START I ARC.VAL 2
CV.SLEW 1 LSH ARC.VAL 3 3
Z ARC.VAL 0
CV 1 N - + PN.NEXT 0 Z 24

#4

#5

#6

#7

#8

#M
TR.P 0
EVERY X: $ 2

#I
ARC.MO.N 0 1; ARC.MO.N 1 2
ARC.MO.N 2 3; ARC.MO.N 3 2
ARC.SVAL 0 24; ARC.SVAL 1 4
M.ACT 0

#P
28	28	0	0
1	1	1	1
0	0	0	0
28	28	63	63

3	1	0	0
5	1	0	0
7	1	0	0
9	1	0	0
11	1	0	0
11	1	0	0
13	1	0	0
13	1	0	0
13	1	0	0
13	1	0	0
11	2	0	0
13	1	0	0
13	1	0	0
13	1	0	0
13	1	0	0
11	2	0	0
5	1	0	0
5	1	0	0
5	1	0	0
5	1	0	0
3	2	0	0
3	2	0	0
13	1	0	0
13	1	0	0
13	1	0	0
13	1	0	0
3	4	0	0
0	0	0	0
0	0	0	0
0	0	0	0
0	0	0	0
0	0	0	0
0	0	0	0
0	0	0	0
0	0	0	0
0	0	0	0
0	0	0	0
0	0	0	0
0	0	0	0
0	0	0	0
0	0	0	0
0	0	0	0
0	0	0	0
0	0	0	0
0	0	0	0
0	0	0	0
0	0	0	0
0	0	0	0
0	0	0	0
0	0	0	0
0	0	0	0
0	0	0	0
0	0	0	0
0	0	0	0
0	0	0	0
0	0	0	0
0	0	0	0
0	0	0	0
0	0	0	0
0	0	0	0
0	0	0	0
0	0	0	0
0	0	0	0
0	0	0	0

#G
0000000000000000
0000000000000000
0000000000000000
0000000000000000
0000000000000000
0000000000000000
0000000000000000
0000000000000000
0000000000000000
0000000000000000
0000000000000000
0000000000000000
0000000000000000
0000000000000000
0000000000000000
0000000000000000

0	0	0	0	0	0	0	0	0	0	0	0	0	0	0	0
0	0	0	0	0	0	0	0	0	0	0	0	0	0	0	0
0	0	0	0	0	0	0	0	0	0	0	0	0	0	0	0
0	0	0	0	0	0	0	0	0	0	0	0	0	0	0	0
